100
0 7672 6600 2257 1973 8998 1691 8275 2606 5847 1824 8120 9201 5147 8678 9047 2530 2398 5470 9898 8246 39 6431 1368 5745 8696 4568 3860 6753 3467 7183 6212 1797 8974 9672 2923 2311 4575 1037 9828 2050 9522 7911 7651 8444 4138 8143 4065 3537 3668 3404 4952 7931 8697 3340 9894 7522 3141 109 9921
1 7672 6600 2257 1973 8998 1691 8275 2606 5847 1824 8120 9201 5147 8678 9047 2530 2398 5470 9898 8246 39 6431 1368 5745 8696 4568 3860 6753 3467 7183 6212 1797 8974 9672 2923 2311 4575 1037 9828 2050 9522 7911 7651 8444 4138 8143 4065 3537 3668 3404 4952 7931 8697 3340 9894 7522 3141 109 9921
2 7672 6600 2257 1973 8998 1691 8275 2606 5847 1824 8120 9201 5147 8678 9047 2530 2398 5470 9898 8246 39 6431 1368 5745 8696 4568 3860 6753 3467 7183 6212 1797 8974 9672 2923 2311 4575 1037 9828 2050 9522 7911 7651 8444 4138 8143 4065 3537 3668 3404 4952 7931 8697 3340 9894 7522 3141 109 9921
3 7672 6600 2257 1973 8998 1691 8275 2606 5847 1824 8120 9201 5147 8678 9047 2530 2398 5470 9898 8246 39 6431 1368 5745 8696 4568 3860 6753 3467 7183 6212 1797 8974 9672 2923 2311 4575 1037 9828 2050 9522 7911 7651 8444 4138 8143 4065 3537 3668 3404 4952 7931 8697 3340 9894 7522 3141 109 9921
4 7672 6600 2257 1973 8998 1691 8275 2606 5847 1824 8120 9201 5147 8678 9047 2530 2398 5470 9898 8246 39 6431 1368 5745 8696 4568 3860 6753 3467 7183 6212 1797 8974 9672 2923 2311 4575 1037 9828 2050 9522 7911 7651 8444 4138 8143 4065 3537 3668 3404 4952 7931 8697 3340 9894 7522 3141 109 9921
5 7672 6600 2257 1973 8998 1691 8275 2606 5847 1824 8120 9201 5147 8678 9047 2530 2398 5470 9898 8246 39 6431 1368 5745 8696 4568 3860 6753 3467 7183 6212 1797 8974 9672 2923 2311 4575 1037 9828 2050 9522 7911 7651 8444 4138 8143 4065 3537 3668 3404 4952 7931 8697 3340 9894 7522 3141 109 9921
6 7672 6600 2257 1973 8998 1691 8275 2606 5847 1824 8120 9201 5147 8678 9047 2530 2398 5470 9898 8246 39 6431 1368 5745 8696 4568 3860 6753 3467 7183 6212 1797 8974 9672 2923 2311 4575 1037 9828 2050 9522 7911 7651 8444 4138 8143 4065 3537 3668 3404 4952 7931 8697 3340 9894 7522 3141 109 9921
7 7672 6600 2257 1973 8998 1691 8275 2606 5847 1824 8120 9201 5147 8678 9047 2530 2398 5470 9898 8246 39 6431 1368 5745 8696 4568 3860 6753 3467 7183 6212 1797 8974 9672 2923 2311 4575 1037 9828 2050 9522 7911 7651 8444 4138 8143 4065 3537 3668 3404 4952 7931 8697 3340 9894 7522 3141 109 9921
8 7672 6600 2257 1973 8998 1691 8275 2606 5847 1824 8120 9201 5147 8678 9047 2530 2398 5470 9898 8246 39 6431 1368 5745 8696 4568 3860 6753 3467 7183 6212 1797 8974 9672 2923 2311 4575 1037 9828 2050 9522 7911 7651 8444 4138 8143 4065 3537 3668 3404 4952 7931 8697 3340 9894 7522 3141 109 9921
9 7672 6600 2257 1973 8998 1691 8275 2606 5847 1824 8120 9201 5147 8678 9047 2530 2398 5470 9898 8246 39 6431 1368 5745 8696 4568 3860 6753 3467 7183 6212 1797 8974 9672 2923 2311 4575 1037 9828 2050 9522 7911 7651 8444 4138 8143 4065 3537 3668 3404 4952 7931 8697 3340 9894 7522 3141 109 9921
10 7672 6600 2257 1973 8998 1691 8275 2606 5847 1824 8120 9201 5147 8678 9047 2530 2398 5470 9898 8246 39 6431 1368 5745 8696 4568 3860 6753 3467 7183 6212 1797 8974 9672 2923 2311 4575 1037 9828 2050 9522 7911 7651 8444 4138 8143 4065 3537 3668 3404 4952 7931 8697 3340 9894 7522 3141 109 9921
11 7672 6600 2257 1973 8998 1691 8275 2606 5847 1824 8120 9201 5147 8678 9047 2530 2398 5470 9898 8246 39 6431 1368 5745 8696 4568 3860 6753 3467 7183 6212 1797 8974 9672 2923 2311 4575 1037 9828 2050 9522 7911 7651 8444 4138 8143 4065 3537 3668 3404 4952 7931 8697 3340 9894 7522 3141 109 9921
12 7672 6600 2257 1973 8998 1691 8275 2606 5847 1824 8120 9201 5147 8678 9047 2530 2398 5470 9898 8246 39 6431 1368 5745 8696 4568 3860 6753 3467 7183 6212 1797 8974 9672 2923 2311 4575 1037 9828 2050 9522 7911 7651 8444 4138 8143 4065 3537 3668 3404 4952 7931 8697 3340 9894 7522 3141 109 9921
13 7672 6600 2257 1973 8998 1691 8275 2606 5847 1824 8120 9201 5147 8678 9047 2530 2398 5470 9898 8246 39 6431 1368 5745 8696 4568 3860 6753 3467 7183 6212 1797 8974 9672 2923 2311 4575 1037 9828 2050 9522 7911 7651 8444 4138 8143 4065 3537 3668 3404 4952 7931 8697 3340 9894 7522 3141 109 9921
14 7672 6600 2257 1973 8998 1691 8275 2606 5847 1824 8120 9201 5147 8678 9047 2530 2398 5470 9898 8246 39 6431 1368 5745 8696 4568 3860 6753 3467 7183 6212 1797 8974 9672 2923 2311 4575 1037 9828 2050 9522 7911 7651 8444 4138 8143 4065 3537 3668 3404 4952 7931 8697 3340 9894 7522 3141 109 9921
15 7672 6600 2257 1973 8998 1691 8275 2606 5847 1824 8120 9201 5147 8678 9047 2530 2398 5470 9898 8246 39 6431 1368 5745 8696 4568 3860 6753 3467 7183 6212 1797 8974 9672 2923 2311 4575 1037 9828 2050 9522 7911 7651 8444 4138 8143 4065 3537 3668 3404 4952 7931 8697 3340 9894 7522 3141 109 9921
16 7672 6600 2257 1973 8998 1691 8275 2606 5847 1824 8120 9201 5147 8678 9047 2530 2398 5470 9898 8246 39 6431 1368 5745 8696 4568 3860 6753 3467 7183 6212 1797 8974 9672 2923 2311 4575 1037 9828 2050 9522 7911 7651 8444 4138 8143 4065 3537 3668 3404 4952 7931 8697 3340 9894 7522 3141 109 9921
17 7672 6600 2257 1973 8998 1691 8275 2606 5847 1824 8120 9201 5147 8678 9047 2530 2398 5470 9898 8246 39 6431 1368 5745 8696 4568 3860 6753 3467 7183 6212 1797 8974 9672 2923 2311 4575 1037 9828 2050 9522 7911 7651 8444 4138 8143 4065 3537 3668 3404 4952 7931 8697 3340 9894 7522 3141 109 9921
18 7672 6600 2257 1973 8998 1691 8275 2606 5847 1824 8120 9201 5147 8678 9047 2530 2398 5470 9898 8246 39 6431 1368 5745 8696 4568 3860 6753 3467 7183 6212 1797 8974 9672 2923 2311 4575 1037 9828 2050 9522 7911 7651 8444 4138 8143 4065 3537 3668 3404 4952 7931 8697 3340 9894 7522 3141 109 9921
19 7672 6600 2257 1973 8998 1691 8275 2606 5847 1824 8120 9201 5147 8678 9047 2530 2398 5470 9898 8246 39 6431 1368 5745 8696 4568 3860 6753 3467 7183 6212 1797 8974 9672 2923 2311 4575 1037 9828 2050 9522 7911 7651 8444 4138 8143 4065 3537 3668 3404 4952 7931 8697 3340 9894 7522 3141 109 9921
20 7672 6600 2257 1973 8998 1691 8275 2606 5847 1824 8120 9201 5147 8678 9047 2530 2398 5470 9898 8246 39 6431 1368 5745 8696 4568 3860 6753 3467 7183 6212 1797 8974 9672 2923 2311 4575 1037 9828 2050 9522 7911 7651 8444 4138 8143 4065 3537 3668 3404 4952 7931 8697 3340 9894 7522 3141 109 9921
21 7672 6600 2257 1973 8998 1691 8275 2606 5847 1824 8120 9201 5147 8678 9047 2530 2398 5470 9898 8246 39 6431 1368 5745 8696 4568 3860 6753 3467 7183 6212 1797 8974 9672 2923 2311 4575 1037 9828 2050 9522 7911 7651 8444 4138 8143 4065 3537 3668 3404 4952 7931 8697 3340 9894 7522 3141 109 9921
22 7672 6600 2257 1973 8998 1691 8275 2606 5847 1824 8120 9201 5147 8678 9047 2530 2398 5470 9898 8246 39 6431 1368 5745 8696 4568 3860 6753 3467 7183 6212 1797 8974 9672 2923 2311 4575 1037 9828 2050 9522 7911 7651 8444 4138 8143 4065 3537 3668 3404 4952 7931 8697 3340 9894 7522 3141 109 9921
23 7672 6600 2257 1973 8998 1691 8275 2606 5847 1824 8120 9201 5147 8678 9047 2530 2398 5470 9898 8246 39 6431 1368 5745 8696 4568 3860 6753 3467 7183 6212 1797 8974 9672 2923 2311 4575 1037 9828 2050 9522 7911 7651 8444 4138 8143 4065 3537 3668 3404 4952 7931 8697 3340 9894 7522 3141 109 9921
24 7672 6600 2257 1973 8998 1691 8275 2606 5847 1824 8120 9201 5147 8678 9047 2530 2398 5470 9898 8246 39 6431 1368 5745 8696 4568 3860 6753 3467 7183 6212 1797 8974 9672 2923 2311 4575 1037 9828 2050 9522 7911 7651 8444 4138 8143 4065 3537 3668 3404 4952 7931 8697 3340 9894 7522 3141 109 9921
25 7672 6600 2257 1973 8998 1691 8275 2606 5847 1824 8120 9201 5147 8678 9047 2530 2398 5470 9898 8246 39 6431 1368 5745 8696 4568 3860 6753 3467 7183 6212 1797 8974 9672 2923 2311 4575 1037 9828 2050 9522 7911 7651 8444 4138 8143 4065 3537 3668 3404 4952 7931 8697 3340 9894 7522 3141 109 9921
26 7672 6600 2257 1973 8998 1691 8275 2606 5847 1824 8120 9201 5147 8678 9047 2530 2398 5470 9898 8246 39 6431 1368 5745 8696 4568 3860 6753 3467 7183 6212 1797 8974 9672 2923 2311 4575 1037 9828 2050 9522 7911 7651 8444 4138 8143 4065 3537 3668 3404 4952 7931 8697 3340 9894 7522 3141 109 9921
27 7672 6600 2257 1973 8998 1691 8275 2606 5847 1824 8120 9201 5147 8678 9047 2530 2398 5470 9898 8246 39 6431 1368 5745 8696 4568 3860 6753 3467 7183 6212 1797 8974 9672 2923 2311 4575 1037 9828 2050 9522 7911 7651 8444 4138 8143 4065 3537 3668 3404 4952 7931 8697 3340 9894 7522 3141 109 9921
28 7672 6600 2257 1973 8998 1691 8275 2606 5847 1824 8120 9201 5147 8678 9047 2530 2398 5470 9898 8246 39 6431 1368 5745 8696 4568 3860 6753 3467 7183 6212 1797 8974 9672 2923 2311 4575 1037 9828 2050 9522 7911 7651 8444 4138 8143 4065 3537 3668 3404 4952 7931 8697 3340 9894 7522 3141 109 9921
29 7672 6600 2257 1973 8998 1691 8275 2606 5847 1824 8120 9201 5147 8678 9047 2530 2398 5470 9898 8246 39 6431 1368 5745 8696 4568 3860 6753 3467 7183 6212 1797 8974 9672 2923 2311 4575 1037 9828 2050 9522 7911 7651 8444 4138 8143 4065 3537 3668 3404 4952 7931 8697 3340 9894 7522 3141 109 9921
30 7672 6600 2257 1973 8998 1691 8275 2606 5847 1824 8120 9201 5147 8678 9047 2530 2398 5470 9898 8246 39 6431 1368 5745 8696 4568 3860 6753 3467 7183 6212 1797 8974 9672 2923 2311 4575 1037 9828 2050 9522 7911 7651 8444 4138 8143 4065 3537 3668 3404 4952 7931 8697 3340 9894 7522 3141 109 9921
31 7672 6600 2257 1973 8998 1691 8275 2606 5847 1824 8120 9201 5147 8678 9047 2530 2398 5470 9898 8246 39 6431 1368 5745 8696 4568 3860 6753 3467 7183 6212 1797 8974 9672 2923 2311 4575 1037 9828 2050 9522 7911 7651 8444 4138 8143 4065 3537 3668 3404 4952 7931 8697 3340 9894 7522 3141 109 9921
32 7672 6600 2257 1973 8998 1691 8275 2606 5847 1824 8120 9201 5147 8678 9047 2530 2398 5470 9898 8246 39 6431 1368 5745 8696 4568 3860 6753 3467 7183 6212 1797 8974 9672 2923 2311 4575 1037 9828 2050 9522 7911 7651 8444 4138 8143 4065 3537 3668 3404 4952 7931 8697 3340 9894 7522 3141 109 9921
33 7672 6600 2257 1973 8998 1691 8275 2606 5847 1824 8120 9201 5147 8678 9047 2530 2398 5470 9898 8246 39 6431 1368 5745 8696 4568 3860 6753 3467 7183 6212 1797 8974 9672 2923 2311 4575 1037 9828 2050 9522 7911 7651 8444 4138 8143 4065 3537 3668 3404 4952 7931 8697 3340 9894 7522 3141 109 9921
34 7672 6600 2257 1973 8998 1691 8275 2606 5847 1824 8120 9201 5147 8678 9047 2530 2398 5470 9898 8246 39 6431 1368 5745 8696 4568 3860 6753 3467 7183 6212 1797 8974 9672 2923 2311 4575 1037 9828 2050 9522 7911 7651 8444 4138 8143 4065 3537 3668 3404 4952 7931 8697 3340 9894 7522 3141 109 9921
35 7672 6600 2257 1973 8998 1691 8275 2606 5847 1824 8120 9201 5147 8678 9047 2530 2398 5470 9898 8246 39 6431 1368 5745 8696 4568 3860 6753 3467 7183 6212 1797 8974 9672 2923 2311 4575 1037 9828 2050 9522 7911 7651 8444 4138 8143 4065 3537 3668 3404 4952 7931 8697 3340 9894 7522 3141 109 9921
36 7672 6600 2257 1973 8998 1691 8275 2606 5847 1824 8120 9201 5147 8678 9047 2530 2398 5470 9898 8246 39 6431 1368 5745 8696 4568 3860 6753 3467 7183 6212 1797 8974 9672 2923 2311 4575 1037 9828 2050 9522 7911 7651 8444 4138 8143 4065 3537 3668 3404 4952 7931 8697 3340 9894 7522 3141 109 9921
37 7672 6600 2257 1973 8998 1691 8275 2606 5847 1824 8120 9201 5147 8678 9047 2530 2398 5470 9898 8246 39 6431 1368 5745 8696 4568 3860 6753 3467 7183 6212 1797 8974 9672 2923 2311 4575 1037 9828 2050 9522 7911 7651 8444 4138 8143 4065 3537 3668 3404 4952 7931 8697 3340 9894 7522 3141 109 9921
38 7672 6600 2257 1973 8998 1691 8275 2606 5847 1824 8120 9201 5147 8678 9047 2530 2398 5470 9898 8246 39 6431 1368 5745 8696 4568 3860 6753 3467 7183 6212 1797 8974 9672 2923 2311 4575 1037 9828 2050 9522 7911 7651 8444 4138 8143 4065 3537 3668 3404 4952 7931 8697 3340 9894 7522 3141 109 9921
39 7672 6600 2257 1973 8998 1691 8275 2606 5847 1824 8120 9201 5147 8678 9047 2530 2398 5470 9898 8246 39 6431 1368 5745 8696 4568 3860 6753 3467 7183 6212 1797 8974 9672 2923 2311 4575 1037 9828 2050 9522 7911 7651 8444 4138 8143 4065 3537 3668 3404 4952 7931 8697 3340 9894 7522 3141 109 9921
40 7672 6600 2257 1973 8998 1691 8275 2606 5847 1824 8120 9201 5147 8678 9047 2530 2398 5470 9898 8246 39 6431 1368 5745 8696 4568 3860 6753 3467 7183 6212 1797 8974 9672 2923 2311 4575 1037 9828 2050 9522 7911 7651 8444 4138 8143 4065 3537 3668 3404 4952 7931 8697 3340 9894 7522 3141 109 9921
41 7672 6600 2257 1973 8998 1691 8275 2606 5847 1824 8120 9201 5147 8678 9047 2530 2398 5470 9898 8246 39 6431 1368 5745 8696 4568 3860 6753 3467 7183 6212 1797 8974 9672 2923 2311 4575 1037 9828 2050 9522 7911 7651 8444 4138 8143 4065 3537 3668 3404 4952 7931 8697 3340 9894 7522 3141 109 9921
42 7672 6600 2257 1973 8998 1691 8275 2606 5847 1824 8120 9201 5147 8678 9047 2530 2398 5470 9898 8246 39 6431 1368 5745 8696 4568 3860 6753 3467 7183 6212 1797 8974 9672 2923 2311 4575 1037 9828 2050 9522 7911 7651 8444 4138 8143 4065 3537 3668 3404 4952 7931 8697 3340 9894 7522 3141 109 9921
43 7672 6600 2257 1973 8998 1691 8275 2606 5847 1824 8120 9201 5147 8678 9047 2530 2398 5470 9898 8246 39 6431 1368 5745 8696 4568 3860 6753 3467 7183 6212 1797 8974 9672 2923 2311 4575 1037 9828 2050 9522 7911 7651 8444 4138 8143 4065 3537 3668 3404 4952 7931 8697 3340 9894 7522 3141 109 9921
44 7672 6600 2257 1973 8998 1691 8275 2606 5847 1824 8120 9201 5147 8678 9047 2530 2398 5470 9898 8246 39 6431 1368 5745 8696 4568 3860 6753 3467 7183 6212 1797 8974 9672 2923 2311 4575 1037 9828 2050 9522 7911 7651 8444 4138 8143 4065 3537 3668 3404 4952 7931 8697 3340 9894 7522 3141 109 9921
45 7672 6600 2257 1973 8998 1691 8275 2606 5847 1824 8120 9201 5147 8678 9047 2530 2398 5470 9898 8246 39 6431 1368 5745 8696 4568 3860 6753 3467 7183 6212 1797 8974 9672 2923 2311 4575 1037 9828 2050 9522 7911 7651 8444 4138 8143 4065 3537 3668 3404 4952 7931 8697 3340 9894 7522 3141 109 9921
46 7672 6600 2257 1973 8998 1691 8275 2606 5847 1824 8120 9201 5147 8678 9047 2530 2398 5470 9898 8246 39 6431 1368 5745 8696 4568 3860 6753 3467 7183 6212 1797 8974 9672 2923 2311 4575 1037 9828 2050 9522 7911 7651 8444 4138 8143 4065 3537 3668 3404 4952 7931 8697 3340 9894 7522 3141 109 9921
47 7672 6600 2257 1973 8998 1691 8275 2606 5847 1824 8120 9201 5147 8678 9047 2530 2398 5470 9898 8246 39 6431 1368 5745 8696 4568 3860 6753 3467 7183 6212 1797 8974 9672 2923 2311 4575 1037 9828 2050 9522 7911 7651 8444 4138 8143 4065 3537 3668 3404 4952 7931 8697 3340 9894 7522 3141 109 9921
48 7672 6600 2257 1973 8998 1691 8275 2606 5847 1824 8120 9201 5147 8678 9047 2530 2398 5470 9898 8246 39 6431 1368 5745 8696 4568 3860 6753 3467 7183 6212 1797 8974 9672 2923 2311 4575 1037 9828 2050 9522 7911 7651 8444 4138 8143 4065 3537 3668 3404 4952 7931 8697 3340 9894 7522 3141 109 9921
49 7672 6600 2257 1973 8998 1691 8275 2606 5847 1824 8120 9201 5147 8678 9047 2530 2398 5470 9898 8246 39 6431 1368 5745 8696 4568 3860 6753 3467 7183 6212 1797 8974 9672 2923 2311 4575 1037 9828 2050 9522 7911 7651 8444 4138 8143 4065 3537 3668 3404 4952 7931 8697 3340 9894 7522 3141 109 9921
50 7672 6600 2257 1973 8998 1691 8275 2606 5847 1824 8120 9201 5147 8678 9047 2530 2398 5470 9898 8246 39 6431 1368 5745 8696 4568 3860 6753 3467 7183 6212 1797 8974 9672 2923 2311 4575 1037 9828 2050 9522 7911 7651 8444 4138 8143 4065 3537 3668 3404 4952 7931 8697 3340 9894 7522 3141 109 9921
51 7672 6600 2257 1973 8998 1691 8275 2606 5847 1824 8120 9201 5147 8678 9047 2530 2398 5470 9898 8246 39 6431 1368 5745 8696 4568 3860 6753 3467 7183 6212 1797 8974 9672 2923 2311 4575 1037 9828 2050 9522 7911 7651 8444 4138 8143 4065 3537 3668 3404 4952 7931 8697 3340 9894 7522 3141 109 9921
52 7672 6600 2257 1973 8998 1691 8275 2606 5847 1824 8120 9201 5147 8678 9047 2530 2398 5470 9898 8246 39 6431 1368 5745 8696 4568 3860 6753 3467 7183 6212 1797 8974 9672 2923 2311 4575 1037 9828 2050 9522 7911 7651 8444 4138 8143 4065 3537 3668 3404 4952 7931 8697 3340 9894 7522 3141 109 9921
53 7672 6600 2257 1973 8998 1691 8275 2606 5847 1824 8120 9201 5147 8678 9047 2530 2398 5470 9898 8246 39 6431 1368 5745 8696 4568 3860 6753 3467 7183 6212 1797 8974 9672 2923 2311 4575 1037 9828 2050 9522 7911 7651 8444 4138 8143 4065 3537 3668 3404 4952 7931 8697 3340 9894 7522 3141 109 9921
54 7672 6600 2257 1973 8998 1691 8275 2606 5847 1824 8120 9201 5147 8678 9047 2530 2398 5470 9898 8246 39 6431 1368 5745 8696 4568 3860 6753 3467 7183 6212 1797 8974 9672 2923 2311 4575 1037 9828 2050 9522 7911 7651 8444 4138 8143 4065 3537 3668 3404 4952 7931 8697 3340 9894 7522 3141 109 9921
55 7672 6600 2257 1973 8998 1691 8275 2606 5847 1824 8120 9201 5147 8678 9047 2530 2398 5470 9898 8246 39 6431 1368 5745 8696 4568 3860 6753 3467 7183 6212 1797 8974 9672 2923 2311 4575 1037 9828 2050 9522 7911 7651 8444 4138 8143 4065 3537 3668 3404 4952 7931 8697 3340 9894 7522 3141 109 9921
56 7672 6600 2257 1973 8998 1691 8275 2606 5847 1824 8120 9201 5147 8678 9047 2530 2398 5470 9898 8246 39 6431 1368 5745 8696 4568 3860 6753 3467 7183 6212 1797 8974 9672 2923 2311 4575 1037 9828 2050 9522 7911 7651 8444 4138 8143 4065 3537 3668 3404 4952 7931 8697 3340 9894 7522 3141 109 9921
57 7672 6600 2257 1973 8998 1691 8275 2606 5847 1824 8120 9201 5147 8678 9047 2530 2398 5470 9898 8246 39 6431 1368 5745 8696 4568 3860 6753 3467 7183 6212 1797 8974 9672 2923 2311 4575 1037 9828 2050 9522 7911 7651 8444 4138 8143 4065 3537 3668 3404 4952 7931 8697 3340 9894 7522 3141 109 9921
58 7672 6600 2257 1973 8998 1691 8275 2606 5847 1824 8120 9201 5147 8678 9047 2530 2398 5470 9898 8246 39 6431 1368 5745 8696 4568 3860 6753 3467 7183 6212 1797 8974 9672 2923 2311 4575 1037 9828 2050 9522 7911 7651 8444 4138 8143 4065 3537 3668 3404 4952 7931 8697 3340 9894 7522 3141 109 9921
59 7672 6600 2257 1973 8998 1691 8275 2606 5847 1824 8120 9201 5147 8678 9047 2530 2398 5470 9898 8246 39 6431 1368 5745 8696 4568 3860 6753 3467 7183 6212 1797 8974 9672 2923 2311 4575 1037 9828 2050 9522 7911 7651 8444 4138 8143 4065 3537 3668 3404 4952 7931 8697 3340 9894 7522 3141 109 9921
60 7672 6600 2257 1973 8998 1691 8275 2606 5847 1824 8120 9201 5147 8678 9047 2530 2398 5470 9898 8246 39 6431 1368 5745 8696 4568 3860 6753 3467 7183 6212 1797 8974 9672 2923 2311 4575 1037 9828 2050 9522 7911 7651 8444 4138 8143 4065 3537 3668 3404 4952 7931 8697 3340 9894 7522 3141 109 9921
61 7672 6600 2257 1973 8998 1691 8275 2606 5847 1824 8120 9201 5147 8678 9047 2530 2398 5470 9898 8246 39 6431 1368 5745 8696 4568 3860 6753 3467 7183 6212 1797 8974 9672 2923 2311 4575 1037 9828 2050 9522 7911 7651 8444 4138 8143 4065 3537 3668 3404 4952 7931 8697 3340 9894 7522 3141 109 9921
62 7672 6600 2257 1973 8998 1691 8275 2606 5847 1824 8120 9201 5147 8678 9047 2530 2398 5470 9898 8246 39 6431 1368 5745 8696 4568 3860 6753 3467 7183 6212 1797 8974 9672 2923 2311 4575 1037 9828 2050 9522 7911 7651 8444 4138 8143 4065 3537 3668 3404 4952 7931 8697 3340 9894 7522 3141 109 9921
63 7672 6600 2257 1973 8998 1691 8275 2606 5847 1824 8120 9201 5147 8678 9047 2530 2398 5470 9898 8246 39 6431 1368 5745 8696 4568 3860 6753 3467 7183 6212 1797 8974 9672 2923 2311 4575 1037 9828 2050 9522 7911 7651 8444 4138 8143 4065 3537 3668 3404 4952 7931 8697 3340 9894 7522 3141 109 9921
64 7672 6600 2257 1973 8998 1691 8275 2606 5847 1824 8120 9201 5147 8678 9047 2530 2398 5470 9898 8246 39 6431 1368 5745 8696 4568 3860 6753 3467 7183 6212 1797 8974 9672 2923 2311 4575 1037 9828 2050 9522 7911 7651 8444 4138 8143 4065 3537 3668 3404 4952 7931 8697 3340 9894 7522 3141 109 9921
65 7672 6600 2257 1973 8998 1691 8275 2606 5847 1824 8120 9201 5147 8678 9047 2530 2398 5470 9898 8246 39 6431 1368 5745 8696 4568 3860 6753 3467 7183 6212 1797 8974 9672 2923 2311 4575 1037 9828 2050 9522 7911 7651 8444 4138 8143 4065 3537 3668 3404 4952 7931 8697 3340 9894 7522 3141 109 9921
66 7672 6600 2257 1973 8998 1691 8275 2606 5847 1824 8120 9201 5147 8678 9047 2530 2398 5470 9898 8246 39 6431 1368 5745 8696 4568 3860 6753 3467 7183 6212 1797 8974 9672 2923 2311 4575 1037 9828 2050 9522 7911 7651 8444 4138 8143 4065 3537 3668 3404 4952 7931 8697 3340 9894 7522 3141 109 9921
67 7672 6600 2257 1973 8998 1691 8275 2606 5847 1824 8120 9201 5147 8678 9047 2530 2398 5470 9898 8246 39 6431 1368 5745 8696 4568 3860 6753 3467 7183 6212 1797 8974 9672 2923 2311 4575 1037 9828 2050 9522 7911 7651 8444 4138 8143 4065 3537 3668 3404 4952 7931 8697 3340 9894 7522 3141 109 9921
68 7672 6600 2257 1973 8998 1691 8275 2606 5847 1824 8120 9201 5147 8678 9047 2530 2398 5470 9898 8246 39 6431 1368 5745 8696 4568 3860 6753 3467 7183 6212 1797 8974 9672 2923 2311 4575 1037 9828 2050 9522 7911 7651 8444 4138 8143 4065 3537 3668 3404 4952 7931 8697 3340 9894 7522 3141 109 9921
69 7672 6600 2257 1973 8998 1691 8275 2606 5847 1824 8120 9201 5147 8678 9047 2530 2398 5470 9898 8246 39 6431 1368 5745 8696 4568 3860 6753 3467 7183 6212 1797 8974 9672 2923 2311 4575 1037 9828 2050 9522 7911 7651 8444 4138 8143 4065 3537 3668 3404 4952 7931 8697 3340 9894 7522 3141 109 9921
70 7672 6600 2257 1973 8998 1691 8275 2606 5847 1824 8120 9201 5147 8678 9047 2530 2398 5470 9898 8246 39 6431 1368 5745 8696 4568 3860 6753 3467 7183 6212 1797 8974 9672 2923 2311 4575 1037 9828 2050 9522 7911 7651 8444 4138 8143 4065 3537 3668 3404 4952 7931 8697 3340 9894 7522 3141 109 9921
71 7672 6600 2257 1973 8998 1691 8275 2606 5847 1824 8120 9201 5147 8678 9047 2530 2398 5470 9898 8246 39 6431 1368 5745 8696 4568 3860 6753 3467 7183 6212 1797 8974 9672 2923 2311 4575 1037 9828 2050 9522 7911 7651 8444 4138 8143 4065 3537 3668 3404 4952 7931 8697 3340 9894 7522 3141 109 9921
72 7672 6600 2257 1973 8998 1691 8275 2606 5847 1824 8120 9201 5147 8678 9047 2530 2398 5470 9898 8246 39 6431 1368 5745 8696 4568 3860 6753 3467 7183 6212 1797 8974 9672 2923 2311 4575 1037 9828 2050 9522 7911 7651 8444 4138 8143 4065 3537 3668 3404 4952 7931 8697 3340 9894 7522 3141 109 9921
73 7672 6600 2257 1973 8998 1691 8275 2606 5847 1824 8120 9201 5147 8678 9047 2530 2398 5470 9898 8246 39 6431 1368 5745 8696 4568 3860 6753 3467 7183 6212 1797 8974 9672 2923 2311 4575 1037 9828 2050 9522 7911 7651 8444 4138 8143 4065 3537 3668 3404 4952 7931 8697 3340 9894 7522 3141 109 9921
74 7672 6600 2257 1973 8998 1691 8275 2606 5847 1824 8120 9201 5147 8678 9047 2530 2398 5470 9898 8246 39 6431 1368 5745 8696 4568 3860 6753 3467 7183 6212 1797 8974 9672 2923 2311 4575 1037 9828 2050 9522 7911 7651 8444 4138 8143 4065 3537 3668 3404 4952 7931 8697 3340 9894 7522 3141 109 9921
75 7672 6600 2257 1973 8998 1691 8275 2606 5847 1824 8120 9201 5147 8678 9047 2530 2398 5470 9898 8246 39 6431 1368 5745 8696 4568 3860 6753 3467 7183 6212 1797 8974 9672 2923 2311 4575 1037 9828 2050 9522 7911 7651 8444 4138 8143 4065 3537 3668 3404 4952 7931 8697 3340 9894 7522 3141 109 9921
76 7672 6600 2257 1973 8998 1691 8275 2606 5847 1824 8120 9201 5147 8678 9047 2530 2398 5470 9898 8246 39 6431 1368 5745 8696 4568 3860 6753 3467 7183 6212 1797 8974 9672 2923 2311 4575 1037 9828 2050 9522 7911 7651 8444 4138 8143 4065 3537 3668 3404 4952 7931 8697 3340 9894 7522 3141 109 9921
77 7672 6600 2257 1973 8998 1691 8275 2606 5847 1824 8120 9201 5147 8678 9047 2530 2398 5470 9898 8246 39 6431 1368 5745 8696 4568 3860 6753 3467 7183 6212 1797 8974 9672 2923 2311 4575 1037 9828 2050 9522 7911 7651 8444 4138 8143 4065 3537 3668 3404 4952 7931 8697 3340 9894 7522 3141 109 9921
78 7672 6600 2257 1973 8998 1691 8275 2606 5847 1824 8120 9201 5147 8678 9047 2530 2398 5470 9898 8246 39 6431 1368 5745 8696 4568 3860 6753 3467 7183 6212 1797 8974 9672 2923 2311 4575 1037 9828 2050 9522 7911 7651 8444 4138 8143 4065 3537 3668 3404 4952 7931 8697 3340 9894 7522 3141 109 9921
79 7672 6600 2257 1973 8998 1691 8275 2606 5847 1824 8120 9201 5147 8678 9047 2530 2398 5470 9898 8246 39 6431 1368 5745 8696 4568 3860 6753 3467 7183 6212 1797 8974 9672 2923 2311 4575 1037 9828 2050 9522 7911 7651 8444 4138 8143 4065 3537 3668 3404 4952 7931 8697 3340 9894 7522 3141 109 9921
80 7672 6600 2257 1973 8998 1691 8275 2606 5847 1824 8120 9201 5147 8678 9047 2530 2398 5470 9898 8246 39 6431 1368 5745 8696 4568 3860 6753 3467 7183 6212 1797 8974 9672 2923 2311 4575 1037 9828 2050 9522 7911 7651 8444 4138 8143 4065 3537 3668 3404 4952 7931 8697 3340 9894 7522 3141 109 9921
81 7672 6600 2257 1973 8998 1691 8275 2606 5847 1824 8120 9201 5147 8678 9047 2530 2398 5470 9898 8246 39 6431 1368 5745 8696 4568 3860 6753 3467 7183 6212 1797 8974 9672 2923 2311 4575 1037 9828 2050 9522 7911 7651 8444 4138 8143 4065 3537 3668 3404 4952 7931 8697 3340 9894 7522 3141 109 9921
82 7672 6600 2257 1973 8998 1691 8275 2606 5847 1824 8120 9201 5147 8678 9047 2530 2398 5470 9898 8246 39 6431 1368 5745 8696 4568 3860 6753 3467 7183 6212 1797 8974 9672 2923 2311 4575 1037 9828 2050 9522 7911 7651 8444 4138 8143 4065 3537 3668 3404 4952 7931 8697 3340 9894 7522 3141 109 9921
83 7672 6600 2257 1973 8998 1691 8275 2606 5847 1824 8120 9201 5147 8678 9047 2530 2398 5470 9898 8246 39 6431 1368 5745 8696 4568 3860 6753 3467 7183 6212 1797 8974 9672 2923 2311 4575 1037 9828 2050 9522 7911 7651 8444 4138 8143 4065 3537 3668 3404 4952 7931 8697 3340 9894 7522 3141 109 9921
84 7672 6600 2257 1973 8998 1691 8275 2606 5847 1824 8120 9201 5147 8678 9047 2530 2398 5470 9898 8246 39 6431 1368 5745 8696 4568 3860 6753 3467 7183 6212 1797 8974 9672 2923 2311 4575 1037 9828 2050 9522 7911 7651 8444 4138 8143 4065 3537 3668 3404 4952 7931 8697 3340 9894 7522 3141 109 9921
85 7672 6600 2257 1973 8998 1691 8275 2606 5847 1824 8120 9201 5147 8678 9047 2530 2398 5470 9898 8246 39 6431 1368 5745 8696 4568 3860 6753 3467 7183 6212 1797 8974 9672 2923 2311 4575 1037 9828 2050 9522 7911 7651 8444 4138 8143 4065 3537 3668 3404 4952 7931 8697 3340 9894 7522 3141 109 9921
86 7672 6600 2257 1973 8998 1691 8275 2606 5847 1824 8120 9201 5147 8678 9047 2530 2398 5470 9898 8246 39 6431 1368 5745 8696 4568 3860 6753 3467 7183 6212 1797 8974 9672 2923 2311 4575 1037 9828 2050 9522 7911 7651 8444 4138 8143 4065 3537 3668 3404 4952 7931 8697 3340 9894 7522 3141 109 9921
87 7672 6600 2257 1973 8998 1691 8275 2606 5847 1824 8120 9201 5147 8678 9047 2530 2398 5470 9898 8246 39 6431 1368 5745 8696 4568 3860 6753 3467 7183 6212 1797 8974 9672 2923 2311 4575 1037 9828 2050 9522 7911 7651 8444 4138 8143 4065 3537 3668 3404 4952 7931 8697 3340 9894 7522 3141 109 9921
88 7672 6600 2257 1973 8998 1691 8275 2606 5847 1824 8120 9201 5147 8678 9047 2530 2398 5470 9898 8246 39 6431 1368 5745 8696 4568 3860 6753 3467 7183 6212 1797 8974 9672 2923 2311 4575 1037 9828 2050 9522 7911 7651 8444 4138 8143 4065 3537 3668 3404 4952 7931 8697 3340 9894 7522 3141 109 9921
89 7672 6600 2257 1973 8998 1691 8275 2606 5847 1824 8120 9201 5147 8678 9047 2530 2398 5470 9898 8246 39 6431 1368 5745 8696 4568 3860 6753 3467 7183 6212 1797 8974 9672 2923 2311 4575 1037 9828 2050 9522 7911 7651 8444 4138 8143 4065 3537 3668 3404 4952 7931 8697 3340 9894 7522 3141 109 9921
90 7672 6600 2257 1973 8998 1691 8275 2606 5847 1824 8120 9201 5147 8678 9047 2530 2398 5470 9898 8246 39 6431 1368 5745 8696 4568 3860 6753 3467 7183 6212 1797 8974 9672 2923 2311 4575 1037 9828 2050 9522 7911 7651 8444 4138 8143 4065 3537 3668 3404 4952 7931 8697 3340 9894 7522 3141 109 9921
91 7672 6600 2257 1973 8998 1691 8275 2606 5847 1824 8120 9201 5147 8678 9047 2530 2398 5470 9898 8246 39 6431 1368 5745 8696 4568 3860 6753 3467 7183 6212 1797 8974 9672 2923 2311 4575 1037 9828 2050 9522 7911 7651 8444 4138 8143 4065 3537 3668 3404 4952 7931 8697 3340 9894 7522 3141 109 9921
92 7672 6600 2257 1973 8998 1691 8275 2606 5847 1824 8120 9201 5147 8678 9047 2530 2398 5470 9898 8246 39 6431 1368 5745 8696 4568 3860 6753 3467 7183 6212 1797 8974 9672 2923 2311 4575 1037 9828 2050 9522 7911 7651 8444 4138 8143 4065 3537 3668 3404 4952 7931 8697 3340 9894 7522 3141 109 9921
93 7672 6600 2257 1973 8998 1691 8275 2606 5847 1824 8120 9201 5147 8678 9047 2530 2398 5470 9898 8246 39 6431 1368 5745 8696 4568 3860 6753 3467 7183 6212 1797 8974 9672 2923 2311 4575 1037 9828 2050 9522 7911 7651 8444 4138 8143 4065 3537 3668 3404 4952 7931 8697 3340 9894 7522 3141 109 9921
94 7672 6600 2257 1973 8998 1691 8275 2606 5847 1824 8120 9201 5147 8678 9047 2530 2398 5470 9898 8246 39 6431 1368 5745 8696 4568 3860 6753 3467 7183 6212 1797 8974 9672 2923 2311 4575 1037 9828 2050 9522 7911 7651 8444 4138 8143 4065 3537 3668 3404 4952 7931 8697 3340 9894 7522 3141 109 9921
95 7672 6600 2257 1973 8998 1691 8275 2606 5847 1824 8120 9201 5147 8678 9047 2530 2398 5470 9898 8246 39 6431 1368 5745 8696 4568 3860 6753 3467 7183 6212 1797 8974 9672 2923 2311 4575 1037 9828 2050 9522 7911 7651 8444 4138 8143 4065 3537 3668 3404 4952 7931 8697 3340 9894 7522 3141 109 9921
96 7672 6600 2257 1973 8998 1691 8275 2606 5847 1824 8120 9201 5147 8678 9047 2530 2398 5470 9898 8246 39 6431 1368 5745 8696 4568 3860 6753 3467 7183 6212 1797 8974 9672 2923 2311 4575 1037 9828 2050 9522 7911 7651 8444 4138 8143 4065 3537 3668 3404 4952 7931 8697 3340 9894 7522 3141 109 9921
97 7672 6600 2257 1973 8998 1691 8275 2606 5847 1824 8120 9201 5147 8678 9047 2530 2398 5470 9898 8246 39 6431 1368 5745 8696 4568 3860 6753 3467 7183 6212 1797 8974 9672 2923 2311 4575 1037 9828 2050 9522 7911 7651 8444 4138 8143 4065 3537 3668 3404 4952 7931 8697 3340 9894 7522 3141 109 9921
98 7672 6600 2257 1973 8998 1691 8275 2606 5847 1824 8120 9201 5147 8678 9047 2530 2398 5470 9898 8246 39 6431 1368 5745 8696 4568 3860 6753 3467 7183 6212 1797 8974 9672 2923 2311 4575 1037 9828 2050 9522 7911 7651 8444 4138 8143 4065 3537 3668 3404 4952 7931 8697 3340 9894 7522 3141 109 9921
99 7672 6600 2257 1973 8998 1691 8275 2606 5847 1824 8120 9201 5147 8678 9047 2530 2398 5470 9898 8246 39 6431 1368 5745 8696 4568 3860 6753 3467 7183 6212 1797 8974 9672 2923 2311 4575 1037 9828 2050 9522 7911 7651 8444 4138 8143 4065 3537 3668 3404 4952 7931 8697 3340 9894 7522 3141 109 9921
