100
0 85 242 4189 440 232 1107 1191 944 6303 467 2426 2944 2384 3755 8176 6354 1003 2378 7723 6302 3689 1501 491
1 125 242 4651 530 579 2382 3626 2378 1501 874 227 2398 5227 757 892 1288 7651 4535 1248 378 4134 496 9174 220
2 212 2367 1866 4651 4911 1857 1738 6269 885 579 2382 7860 7189 4304 2165 406 3511 7161 5227 6061 1619 9770 2839 714 2001
3 91 308 618 349 3545 1624 1127 214 291 832 573 1260 7311 2933 846 739 453 3220 1505 1291 1681 1202 1506
4 61 93 9219 1250 242 217 227 5445 1229 7451 1085 3476 5245 917 474 8912 7679 247 761 8050 371 295 8166 333 1228 2704
5 140 4651 732 530 934 2382 6937 200 559 1461 5227 3364 353 4127 2906 2763 904 6224 1239 7252 4134 9174 4589 447 806
6 189 1410 3173 2367 1866 4529 1624 8601 1318 3724 9219 7484 3532 6432 7899 943 5117 1148 5445 9825 7978 2192 9539 7691
7 106 2989 4189 1170 1029 1039 902 318 721 1047 7493 2108 5618 8909 608 4471 2606 3755 1623 262 4489 6354 525 729 494
8 104 579 4287 423 892 4535 81 233 378 816 3506 225 4727 476 2128 917 201 3772 3666 460 3649 6394 974 3400 749
9 194 6038 1257 2381 3898 9539 7691 1425 228 1056 2335 2566 780 838 2386 933 420 2325 645 889 3530 1923 7579 6261 738
10 121 2367 1866 4387 182 7726 4642 803 6868 2034 1116 7320 5747 1279 463 1024 3618 5667 7699 660 6773 423 2771 186 1226 878 4439 466
11 177 600 6269 1634 4304 5165 4387 182 3271 7320 4625 7726 3738 5573 5817 1645 7406 586 4260 6773 337 423 2771 4557
12 165 1170 5006 1010 862 1867 301 4529 9539 7691 101 1695 945 3724 4267 829 7484 454 1623 780 1179 838 420 2325 547 1061
13 61 852 8909 1869 623 2384 7202 8687 1924 1229 3099 505 405 141 41 430 215 7881 553 143 4723 7322 4766
14 96 435 240 311 6624 3001 1307 478 3929 606 941 7328 2506 2316 950 1687 2321 3369 3292 308 1094 1519 755 1986 876
15 176 2952 6937 641 535 2763 4508 1581 4354 1624 4127 6224 5451 7252 2527 2389 8886 8017 3754 8970 753 1188 5696 458 865 1422 1484 1029
16 69 101 1170 677 580 1623 226 843 68 438 478 944 9837 3929 606 3636 822 2506 364 2316 9969 950 2321 347 8699
17 58 719 4651 223 2386 4387 531 7726 4911 3122 6257 803 1022 579 105 1622 2382 1963 1116 227 1882 2300 220 5747
18 76 283 338 258 5006 1010 1857 862 399 885 301 1695 6691 2165 208 160 4267 454 1179 470 481 601 547 1578
19 164 2546 1142 1428 3001 831 1687 5078 234 1915 394 1094 5478 1519 2990 7493 5618 1419 9512 522 802 1076 279 6190 1088 315
20 136 582 469 479 597 608 9087 3971 4476 1257 1589 3632 1233 1425 4449 1071 1056 2335 960 955 282 130
21 193 2381 771 917 1015 8909 1029 4547 3550 623 904 7202 258 1047 4912 1906 1254 3099 472 1129 3217 695 460
22 171 2367 369 799 4911 3156 1461 1142 2660 4287 423 1279 2989 3935 4420 7493 500 5618 3506 7161 3784 918 1619 610
23 157 4651 2367 1866 530 2382 9740 1501 3001 2454 1655 507 399 855 1687 5227 1637 4134 1094 1519 9174 806 9161 9512 1076
24 170 2546 1360 1634 917 1015 934 3271 7493 7484 5618 6432 4547 9740 1428 606 1645 7406 5117 1148 586 4260 5165 4471
25 42 852 492 1416 108 2522 1869 3662 2384 8687 1924 1229 2007 4204 464 505 98 242 405 76 67 553 143 1473
26 175 600 874 2398 1425 1589 3632 1288 7651 3476 8912 933 1713 889 806 7579 738 6855 4635 9268 4469 771 2600
27 143 1360 1869 1634 467 6937 3406 4287 1887 4127 6224 7252 428 2096 1645 1934 7406 4260 4557 7470 361 6862 1427 9880 3506
28 147 6670 1170 1041 9230 941 3369 766 1585 876 4374 405 9495 1107 5428 1623 700 7559 696 2625 3894 2610 1004 1675 6303 448 4679 5823
29 111 1501 2454 580 855 2386 941 531 1637 4911 930 3122 3929 606 9161 2506 876 2316 6257 950 2321 1622 1963
30 179 732 6937 2660 2386 1107 1191 2010 4420 6303 6224 7252 4911 428 2426 1170 2944 3122 2384 490 6257 1022
31 230 3173 618 732 8601 1624 6937 7320 2272 3532 6773 2580 2771 7641 4127 2424 6224 7252 1226 4259 1127 4439 3000 479 2625 111
32 183 4651 5168 733 2382 6269 4345 4304 2419 4884 691 5227 1318 2272 4134 9174 799 401 5656 2364 317 472 3599 816 4830
33 135 2546 753 6624 3173 1307 1428 7328 905 3292 8601 947 5078 4062 963 341 1192 667 8851 2339 2990 726 528 2102 1993 3532 1135
34 80 4701 3001 2615 1687 4353 2868 6166 1094 1519 4508 4354 4555 9512 1681 2142 3735 492 6190 3947 548 3218 652 2693
35 30 6670 48 300 1041 9230 766 1585 4374 405 9495 5428 700 7559 696 167 2610 448 5823 43 1830 25 307 349 1844 153 855
36 76 3173 116 902 8601 318 721 522 1047 188 3532 412 239 195 115 525 291 109 1589 6400 8779 3632 772 151
37 196 1589 1857 904 1713 347 366 2328 4132 1032 3217 580 2600 312 2165 472 7241 1292 4701 1573 6121 1345 2490 6845
38 53 208 1624 349 3545 79 844 183 214 291 832 573 1260 1505 7311 846 118 739 276 3220 227 1291 9354 35
39 72 795 801 771 917 5006 1010 1174 3554 862 4547 301 399 3213 1695 3401 6691 115 270 1051 1947 4267 1179 1129 194 2095
40 139 2952 560 618 7899 943 274 2763 9825 1581 483 1624 353 9219 2389 576 276 5451 1250 347 8017 3754 5445 142 5696
41 147 4911 560 2381 620 2615 6269 4353 4304 2868 6166 4555 7899 798 7161 1681 2142 943 3735 1619 5451 9770 1635 538 586 9825 652
42 139 641 535 560 4508 4354 295 2178 1188 7031 861 5187 80 3043 2179 1895 6487 2030 7899 5220 3566 4424 350 1034 167 1573 9825
43 102 600 1869 799 8423 4911 4387 7726 467 3406 874 2398 1116 5747 1288 7651 2096 275 7161 3030 1024 1619 6862 9770 538
44 123 732 258 641 6937 535 4508 4354 6224 2386 1188 490 4498 4911 3122 6257 1022 1167 3043 4625 2179 1622 548 829 3738 5573
45 221 504 6038 2381 3898 934 966 1501 2272 2454 6261 3738 5573 870 3878 5817 1635 8480 182 2398 1366 8868 1288 7651
46 141 8743 1360 1634 3271 1645 7406 440 586 4260 4557 2527 1576 8886 1191 2660 1975 6303 8151 5163 1038 1589 1465 3675
47 142 1410 8909 7202 4529 3476 474 3099 8912 430 9219 7881 3724 4723 4766 986 5445 5280 2241 7752 1229 7260
48 132 2381 3369 1257 8423 3292 1425 1056 5451 2335 3550 577 2566 3894 258 1004 3406 4912 3730 1254 194 889 7579 458 738 6855 4635 4469 354
49 130 1360 6670 6662 1634 911 2725 2207 3271 1041 401 9230 1645 7406 3545 4260 4557 3247 1193 1975 1585 8151 5163 1038 1589 1465
50 174 1360 492 4701 1634 771 917 1015 1416 4547 1402 6937 7406 586 4260 4557 2522 3662 3947 548 3218
51 42 780 345 185 2620 487 297 127 180 1383 9165 1035 493 225 4470 380 101 20 1063 49 284 1164 287
52 69 9219 1250 242 5445 1229 7451 1085 104 5245 917 4625 7679 548 247 761 3738 5573 8050 870 295 505 5817 134 8166
53 203 1869 8423 600 941 3369 4387 182 467 3406 876 3894 5747 1004 1675 3030 173 1024 6862 9880 8855 2377 1301 874 1965 5658 8192 4738 2398
54 187 1410 4911 1107 4529 1191 6303 4259 2944 3000 3724 1416 2384 7899 943 8176 9825 6924 239 7723 558 580 2522
55 205 726 756 7701 941 665 1461 3364 238 3894 2906 1239 1004 1675 9539 7691 2580 4679 203 4589 6661 7680 9631 8754 1015 6481 3130 2325
56 127 2367 1170 771 917 1318 677 580 237 4547 1279 174 1623 9539 7691 478 472 226 1129 695 3929 2506 2570 2316
57 271 8909 623 7202 1191 2386 3476 474 6303 3099 8912 2426 2944 430 4911 2384 424 7881 3122 4723 6257 8176 1022
58 125 535 4508 4354 771 1015 1318 1188 941 4547 3369 3043 2179 9539 7691 228 3566 1129 350 695 1034 1573 2096 2570 588
59 45 9740 5165 1655 399 133 188 2583 6357 923 169 150 43 736 2188 25 5382 763 71 1156 217 733
60 112 6670 6038 300 1041 3898 9230 3001 799 766 645 3738 5573 4911 6261 870 505 1687 326 1366 8868 4374 405 175 9495
61 153 338 1857 6269 1021 2165 4304 7860 7189 1107 685 1191 6061 368 2839 1056 4356 6303 906 177 6660
62 88 582 2952 618 32 479 608 9087 274 3971 2763 4476 1581 318 1624 2389 576 1233 4449 1071 8017 3754 960
63 126 559 1624 641 9486 4508 4354 1505 1188 4498 9354 945 488 6428 3043 1321 2179 591 3969 328 5214 696 3566 1652
64 189 719 600 597 6662 1759 2725 1589 3632 874 2207 2398 401 479 1713 223 2386 1288 7651 2600 4911 930 1912 3247
65 163 1427 3001 1107 1191 6303 2426 2944 2384 2527 8886 1915 3476 9334 8176 8912 1003 1094 1519 7723 8970 9512 1422
66 100 3173 8909 3545 8601 844 7202 214 3532 832 573 3099 1260 7311 846 430 739 3220 7881 1291 4723 1681
67 233 3173 1174 3554 7320 5165 3213 3401 4287 6773 3532 2771 2424 1226 3292 4508 4354 4439 2095 630 3422 2789 423 3506 1105 2583 1746
68 165 504 966 1501 9219 2454 1250 618 507 855 5445 1229 7451 1085 1170 874 5245 917 1637 7679 761 8050 9161 295
69 52 6662 911 1759 2725 2207 258 401 3247 1193 5233 93 633 924 7771 238 3215 892 6450 2401 3209 945 9148 6862
70 141 504 6038 6269 966 1501 1895 2454 4304 507 3898 418 1637 9876 799 9412 401 9161 5656 645 4867 6261 1271
71 123 1360 8601 188 3532 3271 479 214 701 440 1624 1645 7406 2647 4260 4557 1032 418 380 2108 295 1975 4705 8151 1912 4477
72 172 600 311 4387 182 6624 366 2328 7726 4132 1307 3001 7241 7328 6121 6845 1687 5747 3292 688 458 3030 1024 947 242
73 61 719 1869 8423 2386 531 4911 930 9539 7691 3122 6257 1022 3406 1622 1963 780 93 838 420 2325 1882 2300 3530 1923 581
74 171 719 5451 2386 1416 930 1484 3122 1170 190 4911 3662 6257 1022 7161 1619 1887 4204 9770 538 1882 1934 795 204 7877 5710
75 123 208 6662 911 3476 1759 2725 474 8912 608 9087 7493 3971 5618 1283 4476 328 4471 1233 1505 479 4449 494
76 147 1410 2446 1675 5168 733 4588 4345 7749 4529 2419 4625 548 4884 3738 777 5573 3724 870 1563 678 390 3761 326 477 1366
77 38 308 618 177 54 0 1127 63 320 2933 453 132 115 23 1202 56 6491 1215 712 1374 354 7105 29 4431 324 109 59
78 147 4651 530 579 2382 1915 394 5227 8970 8909 4134 9174 806 469 472 623 7484 228 2502 6432 321 1213 7202 5064
79 147 222 6670 1759 2207 9230 4625 548 3738 5573 479 870 5817 2660 337 1366 336 8868 2010 580 293 3247 1585 4420
80 159 1895 2035 6624 1307 6269 7328 806 9876 4304 3292 9412 1869 3878 559 4062 8480 4225 182 4512 168 8423 326 1192 607 8851 2102
81 176 2952 2272 1318 2660 3001 191 2010 4420 618 1021 2625 9539 7691 918 844 4679 228 1253 1219 7860 7189 1094
82 122 2367 1170 1623 237 1279 463 7860 7189 168 2328 4132 844 1032 944 9837 7241 406 3636 364 9969 832 8699 6121 573 1260 2746
83 123 1360 492 1634 3271 1318 1416 6269 7406 4260 4557 2522 4304 3662 9539 7691 1975 8151 5163 1038 1589 1465 3675 2007 4204 418 204
84 189 3173 8601 472 4701 3532 1257 4642 7493 5618 6868 479 2034 3878 1056 606 8480 2335 701 4471 1738 326 2566 262
85 107 283 151 1857 6038 885 137 2165 3898 2660 89 3511 2010 685 173 4420 6061 2839 534 645 906 6261 918 1253
86 177 2546 2952 756 588 6624 2491 2763 1428 1581 806 1624 2328 4132 3364 3292 1032 2389 1239 8017 7241 3754 947 4062 6661 6121
87 148 208 1624 242 902 721 522 1047 1505 412 2660 9354 195 525 729 1321 493 3969 6400 4420 8779 772 5214
88 91 2367 1866 116 4189 1029 1279 902 721 232 1047 944 412 220 2952 3784 3755 1585 2001 729 291 109
89 134 222 492 9740 5165 4287 423 1655 106 816 3506 2522 2583 3666 3662 6357 3649 150 736 2188 4773 2007 4204
90 134 2367 1866 6670 4508 4354 1041 9230 1279 463 1188 7899 4189 943 4498 174 9825 406 3784 1257 3043 4374 2179 9495 266
91 107 1360 2367 1866 1634 3271 1645 7406 586 4260 4557 1975 8151 5163 1038 1589 1465 3675 1279 463 51 204 1028 3828 169 3842 1494 919
92 94 242 504 2952 618 966 2378 2454 2491 855 7860 7189 2763 297 757 1501 1581 1427 1248 1637 328 2389 220 9161
93 121 116 8909 1589 3632 4387 182 7202 7726 1713 721 3099 1047 803 430 2600 220 7881 1116 4723 239 433
94 71 2272 1915 394 8970 483 2625 4679 5451 160 9631 1015 302 1213 323 6481 5064 4509 654 2638 225 588
95 146 4911 483 905 8912 7320 5451 439 7161 1619 9770 538 1962 339 586 341 6773 423 2771 2339 528 2424 1993 1226 1484 7752 7260
96 135 1869 8423 4387 7726 6624 3406 1307 803 7320 2527 8886 7328 282 806 5747 6773 6924 3030 2771 2096 3292 9219 465 1226 1422 6862
97 141 2952 1427 1021 6624 4387 2491 7726 7860 7189 274 2763 7328 1581 1624 1116 1922 2328 2389 4132 9334 3292 5747 673 3030
98 100 1634 4711 3271 1423 349 353 3064 3545 1645 904 7406 4260 4557 2712 307 844 1975 3217 362 460 8151 5163 1038
99 176 3369 771 917 1029 1015 876 3476 726 721 8912 4547 1047 237 7641 220 3894 1004 1675 1328 472 6772 729 7752
